,street_name,Latitude,Longitude,Food,Drink,Shope,Art,Trending,Price_low,Price_high
0,serangoon north avenue 3,1.37171071388477,103.871233716329,21,17,20,3,14,5,0
1,simei road,1.34480182914056,103.959861576671,8,7,7,10,6,2,0
2,tampines street 12,1.34806952870409,103.943577088123,13,13,37,3,17,5,1
3,fernvale link,1.389799479297,103.88064410102,5,4,6,6,8,3,1
4,teban gardens road,1.32113896630026,103.742787643913,6,8,10,7,6,3,0
5,simei street 4,1.3434651233998,103.955448165902,22,20,43,20,19,12,0
6,woodlands drive 60,1.4470810414741102,103.800563797362,8,5,13,4,8,4,0
7,pasir ris street 13,1.3630539130148798,103.962482348299,11,9,11,9,9,1,0
8,lorong 3 geylang,1.31210823499257,103.873783661336,25,14,25,3,24,10,1
9,everton pk,1.27668433818668,103.839459108754,56,61,42,12,64,18,10
10,kim keat link,1.32985845976057,103.855821390119,10,12,6,8,11,4,0
11,queen's close,1.2932777500051298,103.799918049241,13,15,8,14,19,7,1
12,woodlands street 82,1.44166198623149,103.78993000553,11,10,15,3,10,3,0
13,woodlands drive 75,1.44438629292757,103.807925409687,7,7,7,7,5,2,0
14,jalan dua,1.3086819084358798,103.887123739313,31,14,7,1,21,8,2
15,hoy fatt road,1.2867565436764,103.810121713045,37,28,17,5,24,14,0
16,potong pasir avenue 2,1.33290762111117,103.866168845292,7,13,18,11,14,6,1
17,boon lay place,1.34901664211504,103.712178566174,27,18,13,9,16,4,0
18,boon lay avenue,1.34505773588935,103.710699802755,14,13,13,17,11,2,0
19,tampines street 43,1.35924184234493,103.951613078969,11,24,23,11,16,7,1
20,holland avenue,1.30651406379178,103.794222994827,35,21,50,4,40,21,1
21,sin ming avenue,1.35872842612017,103.830642754421,29,12,31,4,23,8,1
22,taman ho swee,1.28809868332676,103.831032031024,85,50,60,4,97,49,2
23,yung loh road,1.32789040951674,103.72178882686,12,10,7,5,16,5,1
24,tampines street 24,1.35539848466954,103.950733897054,20,23,30,1,13,8,1
25,woodlands avenue 4,1.44579252601186,103.793381412902,5,4,12,6,4,2,0
26,kent road,1.3167570723148,103.851105557934,16,14,9,7,15,7,1
27,punggol place,1.39973068144716,103.900732050488,4,4,5,8,5,1,0
28,serangoon avenue 3,1.3551107610773798,103.869934707698,37,26,35,5,29,14,0
29,commonwealth avenue,1.30645647691158,103.794765623549,36,23,50,5,38,21,1
30,yishun avenue 9,1.43238385408315,103.842384119393,5,10,11,7,7,3,1
31,teck whye avenue,1.3824765672629398,103.752527976573,16,16,16,14,7,2,0
32,yishun avenue 7,1.43706628176725,103.831120689838,8,11,4,12,7,4,0
33,ang mo kio street 11,1.3718270085449902,103.838803655863,20,13,12,4,18,8,1
34,choa chu kang street 64,1.39856129024066,103.748604386179,12,15,40,23,11,5,1
35,woodlands avenue 9,1.44479630092332,103.790602761905,4,4,11,6,5,2,0
36,pandan gardens,1.31820397685548,103.74881622665,4,6,4,6,10,0,1
37,upper serangoon crescent,1.37893083811936,103.900988286293,4,3,4,11,11,4,1
38,bukit batok street 32,1.3646291572303502,103.747831425337,18,19,9,12,14,4,1
39,kim keat avenue,1.3309393367553,103.858181909317,13,9,9,6,8,3,0
40,woodlands street 11,1.4329593485092602,103.776737651554,40,19,24,12,22,5,1
41,pasir ris street 41,1.37315409877618,103.958128748489,28,33,27,6,26,10,0
42,delta avenue,1.29207525084313,103.828584077626,49,34,93,5,58,27,0
43,chai chee avenue,1.3260433530308402,103.926488452026,55,42,47,4,53,25,0
44,dakota crescent,1.3072853406067702,103.888505580319,32,13,3,0,28,15,3
45,anchorvale crescent,1.39846172684414,103.889969214694,9,6,4,1,11,3,0
46,yishun street 31,1.4324877701411298,103.844367368405,7,8,6,5,9,2,0
47,punggol walk,1.4041705498236,103.900581094235,36,9,49,5,37,14,2
48,corporation drive,1.33867162416716,103.719136998076,14,9,8,5,14,4,0
49,yung an road,1.33682896786791,103.721117649246,22,6,12,11,26,8,0
50,kim cheng street,1.2846906958963,103.831590918207,71,34,32,4,68,28,6
51,bukit batok street 33,1.36216472766267,103.747628122263,15,14,13,11,15,6,1
52,marine terrace,1.30585966549608,103.914721778871,38,14,8,3,29,12,1
53,tampines central 8,1.35727594461397,103.940381600354,20,13,15,1,17,6,0
54,strathmore avenue,1.29462040658735,103.80927727367,23,9,13,6,19,6,1
55,kampong arang road,1.30016459105002,103.884228450233,14,13,4,11,18,5,1
56,jelebu road,1.37996383568621,103.763048292356,85,22,55,15,47,13,1
57,selegie road,1.30346096156272,103.850709313633,30,40,68,28,30,10,1
58,marsiling lane,1.44697084540304,103.771713364181,7,7,3,11,5,0,0
59,moh guan terrace,1.28442020673304,103.831056918196,74,32,54,4,66,28,6
60,bishan street 11,1.34917198788037,103.849165453932,25,19,112,4,41,14,0
61,serangoon central drive,1.3550620109825802,103.87087185901,43,27,39,6,44,17,0
62,yishun avenue 1,1.42033318022591,103.847102448565,15,9,11,2,9,5,0
63,lower delta road,1.2894426812533402,103.826201445621,49,38,80,12,51,28,1
64,clementi avenue 6,1.32098588665275,103.763231689844,7,5,9,2,7,2,0
65,bukit batok street 22,1.34504066504232,103.747389472119,13,15,15,1,5,2,0
66,tampines avenue 7,1.3551924867724698,103.95696877824498,16,14,42,4,16,11,1
67,bukit merah central,1.28412809632854,103.814543761786,10,13,20,5,15,10,0
68,whampoa road,1.32656639107951,103.856747106239,25,18,16,3,27,10,1
69,punggol way,1.40515419785374,103.897805221585,6,6,17,1,9,3,0
70,woodlands drive 72,1.44257449085255,103.803594082133,7,10,17,12,8,4,0
71,simei lane,1.34313573705445,103.959642800881,10,7,8,9,8,1,0
72,gloucester road,1.31358616636113,103.85169992386,20,15,34,3,14,5,1
73,bukit batok west avenue 2,1.36194738218147,103.746196377992,2,6,6,10,4,3,0
74,marsiling road,1.43775226684573,103.777275768219,10,6,9,7,8,3,0
75,tampines avenue 8,1.3490128285900602,103.929242816227,7,4,14,3,7,3,0
76,ah hood road,1.32739678972466,103.844481022021,42,14,26,3,34,16,1
77,lorong 1a toa payoh,1.33627775831236,103.844044881122,29,11,19,4,23,11,3
78,choa chu kang street 53,1.3903632527464398,103.746124351793,2,6,11,8,6,1,0
79,bukit batok west avenue 7,1.36576439078244,103.745399255467,7,9,3,9,5,3,0
80,sims place,1.31612401704894,103.880528407051,62,46,34,10,44,18,3
81,sumang link,1.41090728228616,103.901186083098,36,5,26,3,38,14,2
82,rochor road,1.3051043621016,103.851474283122,40,19,68,16,36,8,1
83,empress road,1.31641190098176,103.805373811937,10,8,6,3,13,6,0
84,yishun street 20,1.43539224579714,103.835500981499,14,18,24,9,17,10,1
85,serangoon north avenue 2,1.36810159794644,103.874987831018,13,15,19,17,10,5,0
86,yuan ching road,1.32846031138005,103.723287795397,12,11,7,7,16,5,1
87,choa chu kang avenue 7,1.37607846692949,103.74690311631,13,9,6,5,6,3,0
88,woodlands drive 71,1.439485644214,103.799753267452,22,10,20,13,11,3,0
89,clementi street 13,1.32491798651947,103.771891149087,12,7,8,2,17,7,1
90,jalan tiga,1.30850932584078,103.885346226422,34,14,14,5,26,10,3
91,redhill lane,1.2874159910893102,103.81947477092,41,28,22,6,31,14,4
92,east coast road,1.31155871137394,103.923291405589,27,25,23,6,38,16,3
93,sengkang west way,1.39381453106767,103.873364255801,40,14,23,5,34,15,1
94,veerasamy road,1.3070275601828898,103.855527541511,96,46,41,9,89,32,1
95,dover close east,1.30537011229369,103.786079519406,46,28,27,5,41,12,1
96,yishun central 1,1.4251800592171202,103.836596318713,26,20,40,154,37,13,0
97,choa chu kang loop,1.38394155773498,103.746425614003,29,21,64,7,21,9,1
98,tiong bahru road,1.28572778130038,103.832592401388,81,45,32,4,91,38,6
99,sengkang east road,1.38726151170943,103.893007706343,7,6,12,9,5,1,0
100,henderson road,1.28754291526066,103.821337244768,25,24,13,4,21,9,2
101,jalan dusun,1.32786874318473,103.844209602863,41,18,24,2,31,14,2
102,woodlands street 32,1.43004416735979,103.780454637803,20,9,12,5,18,7,0
103,kim tian place,1.28270270194689,103.828491163221,30,20,63,6,29,15,0
104,saujana road,1.38233492640364,103.767677663417,27,11,47,1,27,7,1
105,buangkok green,1.37932814973618,103.877789198004,13,9,24,12,11,2,1
106,clementi street 12,1.3227117902881498,103.76988810369,16,10,9,2,21,8,1
107,lorong 6 toa payoh,1.3377833764843998,103.852507455855,42,24,27,18,36,19,4
108,tampines central 1,1.35554848236624,103.945616071023,66,48,111,4,72,30,2
109,aljunied road,1.32327006239712,103.881752246858,8,6,6,4,10,0,0
110,yishun street 51,1.41833362541376,103.843721655882,5,6,5,28,6,7,0
111,sengkang west avenue,1.39274518333868,103.87772003168502,32,10,24,10,28,10,0
112,sims avenue,1.3179527207526698,103.901609990635,32,20,33,11,31,11,0
113,montreal link,1.44994314368404,103.82672063438,6,5,5,12,4,1,0
114,jurong east street 31,1.3480379321527498,103.729165542694,30,23,24,7,17,4,1
115,upper aljunied lane,1.3335474321038998,103.879065838406,17,13,13,5,13,4,0
116,sumang walk,1.4060490794580305,103.896179521001,4,2,11,0,3,0,0
117,anchorvale street,1.39619302195078,103.88972181068,11,7,4,3,10,2,0
118,whampoa sth,1.32448737406529,103.866368168069,20,15,17,2,14,4,2
119,ang mo kio street 21,1.3694605445784098,103.834659046016,11,4,4,2,9,5,1
120,marine parade central,1.30248202632176,103.9077387936,27,22,83,10,24,5,3
121,silat avenue,1.27727696508459,103.831093355841,12,16,9,9,4,3,0
122,buffalo road,1.30671098278725,103.85013440636,37,16,31,10,34,3,0
123,klang lane,1.3088206957553798,103.852065291651,81,21,33,7,57,9,0
124,geylang serai,1.31699648623218,103.897748935672,61,39,39,2,58,18,1
125,king george's avenue,1.30852677996884,103.861149049314,55,48,33,6,54,26,4
126,lim liak street,1.2853814433871,103.830400732841,64,31,50,4,62,26,5
127,woodlands avenue 3,1.4331914031656598,103.781594917057,12,11,16,0,14,6,0
128,moulmein road,1.31895176233165,103.850517972593,21,13,18,11,17,7,3
129,jalan berseh,1.3061636089563,103.857776695846,92,62,32,11,84,35,6
130,clementi street 14,1.3225885475063002,103.769176205799,19,10,9,3,21,8,1
131,jalan ma'mor,1.3282785390436,103.856097361404,16,14,12,2,11,6,0
132,sembawang vista,1.44623076981759,103.819993931128,25,20,21,10,22,8,1
133,kreta ayer road,1.28160641229702,103.84233592597,79,122,62,24,101,27,14
134,hougang street 32,1.36412337735231,103.894090730991,15,16,12,8,8,4,0
135,ang mo kio street 61,1.3776911804395902,103.84274515222,10,6,15,11,13,4,1
136,choa chu kang north 7,1.4003500962761102,103.746992957921,16,22,39,4,14,7,2
137,queensway,1.2892855592993,103.803401515145,60,29,92,8,72,33,2
138,yung ping road,1.32977632869249,103.721585931129,5,4,2,8,3,2,0
139,sembawang way,1.44952989851944,103.818964193245,26,17,35,8,20,6,0
140,jurong west street 51,1.34981225384763,103.719222201479,15,19,31,18,13,4,1
141,sengkang east avenue,1.3861619767175002,103.892091814343,17,4,8,5,4,4,0
142,ang mo kio avenue 2,1.3685814824853302,103.831557777899,12,5,3,6,9,1,0
143,upper serangoon view,1.37794957092141,103.904346035596,5,2,4,3,8,3,0
144,bedok reservoir crescent,1.33679206446804,103.921982613627,15,8,18,1,14,4,1
145,fernvale street,1.39740224240408,103.881338084424,4,3,3,1,5,3,0
146,tessensohn road,1.31445853642295,103.856019195126,60,44,69,7,60,24,3
147,teck whye crescent,1.3832936008748895,103.753025884378,15,15,14,12,4,2,0
148,yung kuang road,1.33195222315744,103.721513951179,11,7,9,13,10,4,0
149,tampines avenue 1,1.34731357875037,103.933767368291,23,18,29,7,24,13,0
150,dawson road,1.29564903068443,103.810230517871,20,7,10,3,15,5,0
151,kim pong road,1.2842993566208998,103.830518003368,64,29,52,4,61,26,6
152,seng poh road,1.28529691796458,103.833235327463,81,47,27,4,90,36,7
153,french road,1.30736241836647,103.860472435164,93,66,37,9,97,39,6
154,tampines street 86,1.3567090028936002,103.931385349285,12,6,7,7,4,0,0
155,jurong west central 3,1.34065129469222,103.707506154373,60,19,87,6,56,22,1
156,geylang east avenue 2,1.31690478582736,103.888208105023,46,37,30,9,43,22,3
0,ang mo kio avenue 10,1.3676017,103.8568442,23,18,23,5,17,8,2
1,ang mo kio avenue 4,1.3823185,103.8387061,10,5,13,6,11,5,0
2,ang mo kio avenue 5,1.3768247,103.8475557,12,13,18,4,10,1,1
3,ang mo kio avenue 1,1.3643546,103.8436418,15,12,9,4,17,6,0
4,ang mo kio avenue 3,1.3696908,103.8409057,19,12,11,7,15,6,1
5,ang mo kio avenue 9,1.3827747,103.8394374,12,9,12,6,11,5,0
6,ang mo kio avenue 8,1.3784539,103.84742,11,10,7,4,12,1,0
7,ang mo kio avenue 6,1.3832578,103.8441199,13,12,6,10,13,4,0
8,ang mo kio street 52,1.3730573,103.8507324,32,9,59,3,30,7,1
9,bedok north avenue 4,1.3340399,103.9414261,15,10,11,5,15,11,1
10,bedok north avenue 1,1.3297469,103.9264326,28,21,14,13,18,9,2
11,bedok north road,1.3313413,103.9337502,19,17,22,17,21,12,0
12,bedok sth avenue 1,1.314061,103.9336214,6,1,3,1,6,0,0
13,bedok reservoir road,1.3296754,103.9048357,26,19,15,12,13,4,0
14,chai chee street,1.3274218,103.9187437,4,5,5,7,3,0,0
15,bedok north street 3,1.3339821,103.9303638,10,7,8,7,10,3,1
16,bedok sth road,1.3198453,103.935962,7,5,8,7,4,2,0
18,new upper changi road,1.3267815,103.9459389,7,6,8,4,6,3,0
19,chai chee drive,1.3258683,103.9193462,20,9,12,5,14,2,1
20,bishan street 23,1.3569767,103.8479524,14,10,16,6,20,6,0
21,bedok sth avenue 2,1.3247239,103.9371862,25,35,24,3,27,10,2
22,kim tian road,1.2846604,103.8293989,48,23,62,4,44,24,0
23,bedok north avenue 3,1.3313564,103.9343617,30,19,24,18,28,16,1
24,bedok reservoir view,1.3376794,103.9350542,8,5,4,5,4,0,0
25,chai chee road,1.326493,103.9235846,19,17,16,9,15,2,2
26,lengkong tiga,1.323155,103.9134669,24,10,13,5,19,4,1
27,bedok central,1.3260581,103.9352645,47,40,59,4,42,16,1
28,jalan damai,-5.406307,122.626192,0,0,0,0,0,0,0
29,bedok north avenue 2,1.3313193,103.9303694,15,12,16,2,17,10,1
30,bedok sth avenue 3,1.3264785,103.9440644,15,18,17,10,12,5,1
31,sin ming road,1.3538309,103.8359877,45,39,12,2,52,28,2
33,bishan street 12,1.3480256,103.849829,21,22,113,4,39,12,0
34,bishan street 13,1.3508769,103.8523645,22,21,111,5,41,11,0
35,bishan street 22,1.3599872,103.8438395,22,14,17,3,20,6,0
36,bishan street 24,1.3563979,103.8443817,16,9,18,5,17,3,0
37,bright hill drive,1.3601554,103.8324248,15,7,9,1,8,3,0
38,shunfu road,1.3513259,103.8400297,5,9,5,4,9,4,0
39,bukit batok street 34,1.3637268,103.7500273,22,20,13,9,30,9,2
40,bukit batok street 51,1.3556782,103.7498154,19,18,19,11,16,5,1
41,bukit batok street 11,1.3499936,103.7423305,8,11,14,2,9,5,0
42,bukit batok street 52,1.3543135,103.7518088,12,10,13,13,11,1,1
43,bukit batok street 21,1.3468302,103.750573,44,33,52,5,28,12,0
44,bukit batok east avenue 5,1.3548853,103.7541381,6,7,9,21,7,1,1
45,bukit batok west avenue 6,1.354495,103.7418444,4,4,4,1,5,5,0
46,bukit batok central,1.3515765,103.7483905,13,14,55,9,22,11,0
47,bukit batok west avenue 8,1.358546,103.7421969,3,1,2,0,2,0,0
48,bukit batok east avenue 4,1.3496472,103.7606908,9,7,13,8,9,2,1
49,bukit batok street 31,1.3598218,103.7515796,23,20,24,3,23,7,1
50,bukit batok street 25,1.346703,103.7609439,22,7,16,7,15,1,0
51,bukit batok east avenue 3,1.3375316,103.7604656,11,5,7,6,4,1,0
52,bukit batok west avenue 5,1.3564848,103.7480422,14,9,21,4,17,6,0
53,cantonment road,1.274558,103.8412735,46,53,46,8,55,16,3
54,bukit batok street 24,1.3426301,103.7567789,12,6,9,8,4,1,0
55,jalan bukit ho swee,1.287298,103.8292451,47,24,47,4,39,25,0
56,telok blangah drive,1.2728382,103.8090889,20,14,8,2,16,6,1
57,beo crescent,1.2891495,103.82676999065912,48,37,80,2,50,31,0
58,telok blangah crescent,1.2774161,103.81906217374384,13,15,15,4,16,5,0
59,telok blangah rise,1.2734284,103.820562,26,12,8,5,21,7,0
60,telok blangah way,1.2746254,103.8227681,17,12,9,3,13,4,2
61,jalan bukit merah,1.2860375,103.8088205,55,35,35,5,55,30,0
62,jalan klinik,1.2880059,103.8288153,29,20,50,15,27,17,0
63,telok blangah hts,1.2779863,103.8077696,11,7,5,13,17,5,2
64,bukit merah view,1.28350915,103.82332492999028,15,20,34,4,16,7,1
65,indus road,1.2900221,103.8296424,52,37,66,4,61,30,0
66,bukit merah lane 1,1.2859726,103.8041771,45,22,78,2,49,25,1
67,telok blangah street 31,1.2741667,103.8065407,14,10,9,10,19,6,3
69,havelock road,1.2867631,103.8448641,123,131,82,17,128,38,15
70,henderson crescent,1.289199,103.8220891,18,22,10,11,19,9,0
71,bukit purmei road,1.2720967,103.8245389,12,10,4,6,7,3,0
72,depot road,1.2813092,103.8021522,15,12,5,10,20,6,1
73,jalan rumah tinggi,1.2890059,103.8091828,45,27,46,3,48,21,0
75,jalan membina,1.2859312,103.8272492,32,25,74,5,33,21,0
76,redhill road,1.2878448,103.8146371,24,17,19,4,19,8,0
77,lengkok bahru,1.2879854,103.8147158,24,16,19,4,19,8,0
78,zion road,1.2918193,103.8324147,45,39,68,4,59,23,3
79,petir road,1.376504,103.7684897,5,11,11,3,5,2,0
80,pending road,1.3771859,103.7718122,6,11,16,18,7,1,0
81,bangkit road,1.3793607,103.7734075,6,9,15,14,7,1,0
82,segar road,1.3890631,103.7700339,1,8,8,6,4,1,0
83,jelapang road,1.3849107,103.7642241,22,7,15,18,16,1,1
84,senja road,1.3869841,103.7627954,13,6,11,12,11,1,0
85,fajar road,1.3842446,103.7703137,11,10,27,13,10,4,0
86,bukit panjang ring road,1.3813053,103.7632918,81,21,56,18,48,14,1
87,circuit road,1.326177,103.8883999,38,17,20,14,16,5,0
88,senja link,1.3859257,103.7635851,13,6,11,15,11,1,0
89,lompang road,1.3797237,103.7655982,48,14,51,16,37,12,1
90,gangsa road,1.3800705,103.7676819,20,12,38,15,23,7,1
91,toh yi drive,1.3359983,103.7712799,7,5,3,2,8,3,1
92,farrer road,1.31748125,103.80756259256168,12,8,6,6,13,5,1
93,jalan kukoh,1.2876992,103.83958,52,50,26,3,58,17,7
94,rowell road,1.3077179,103.8561979,96,58,58,11,84,33,2
95,waterloo street,1.2994261,103.852085,79,102,136,62,87,26,5
96,new mkt road,1.2877055,103.8452162,130,131,65,18,126,35,16
97,tanjong pagar plaza,1.2755704,103.84299324043488,88,102,65,10,104,33,11
98,queen street,1.3026279,103.8560759,118,115,113,24,106,38,8
99,bain street,1.2975232,103.8534339,145,153,128,50,134,44,13
100,teck whye lane,1.3798533,103.7540183,13,18,27,5,9,3,0
101,choa chu kang avenue 4,1.3834212,103.7412101,36,28,60,4,30,12,0
102,choa chu kang avenue 3,1.381289,103.742961,32,24,53,6,25,6,0
103,choa chu kang crescent,1.3999138,103.7506964,17,10,26,18,10,5,0
104,choa chu kang street 54,1.3955363,103.7502777,15,15,34,12,15,6,1
105,choa chu kang central,1.3831345,103.7445107,36,25,65,6,27,10,0
106,jalan teck whye,1.3798765,103.7578395,9,10,15,5,13,2,0
107,choa chu kang street 62,1.3990127,103.7456225,16,19,37,22,15,9,1
108,choa chu kang north 6,1.3966588,103.7458789,14,13,38,21,12,6,1
109,choa chu kang drive,1.3863325,103.7461087,26,22,60,5,19,9,0
110,choa chu kang north 5,1.392146,103.7488568,4,11,5,10,9,1,0
111,choa chu kang street 52,1.3960629,103.7454848,15,13,38,22,11,6,1
112,choa chu kang avenue 2,1.3773371,103.7401825,25,14,22,12,14,7,0
113,clementi west street 2,1.3034608,103.7628617,51,25,32,10,31,14,0
114,west coast road,1.3039138,103.7648832,50,25,31,12,30,14,0
115,clementi west street 1,1.3043099,103.7646036,51,28,31,12,30,14,0
116,clementi avenue 4,1.3168202,103.7657555,60,37,91,3,55,25,0
117,clementi avenue 5,1.317397,103.7688249,31,24,27,13,25,7,1
118,teck whye lane,1.3798533,103.7540183,11,18,27,5,10,3,0
119,choa chu kang avenue 4,1.3834212,103.7412101,36,28,60,4,32,14,0
120,choa chu kang avenue 3,1.381289,103.742961,28,24,53,6,27,9,0
121,choa chu kang crescent,1.3999138,103.7506964,14,10,26,18,10,5,0
122,choa chu kang street 54,1.3955363,103.7502777,16,15,34,12,15,5,0
123,choa chu kang central,1.3831345,103.7445107,37,25,65,6,30,12,0
124,jalan teck whye,1.3798765,103.7578395,10,10,15,5,10,2,0
125,choa chu kang street 62,1.3990127,103.7456225,15,19,37,22,12,6,0
126,choa chu kang north 6,1.3966588,103.7458789,14,13,38,21,10,5,0
127,choa chu kang drive,1.3863325,103.7461087,23,22,60,5,21,10,0
128,choa chu kang north 5,1.392146,103.7488568,4,7,5,10,8,0,1
129,choa chu kang street 52,1.3960629,103.7454848,15,14,38,22,9,5,0
130,choa chu kang avenue 2,1.3773371,103.7401825,25,14,22,12,17,7,0
131,clementi west street 2,1.3034608,103.7628617,52,26,32,10,33,15,0
132,west coast road,1.3039138,103.7648832,50,26,31,12,31,15,0
133,clementi west street 1,1.3043099,103.7646036,51,29,31,12,32,15,0
134,clementi avenue 4,1.3168202,103.7657555,59,37,91,3,62,26,1
135,clementi avenue 5,1.317397,103.7688249,31,23,27,13,24,7,1
136,clementi street 11,1.3151003,103.7652311,64,36,97,6,68,25,0
137,clementi avenue 2,1.3064695,103.7633806,63,33,40,12,42,18,1
138,clementi avenue 3,1.3141471,103.7634411,70,33,94,6,70,24,2
139,clementi avenue 1,1.3075943,103.7691926,4,9,3,1,5,1,0
140,punggol central,1.4085085,103.8919886,0,0,0,0,3,0,0
141,commonwealth avenue west,1.3162684,103.7648927,63,36,96,5,66,25,0
142,balam road,1.3298929,103.8867353,18,15,21,3,22,8,3
143,macpherson lane,1.3319937,103.8852395,25,19,28,6,24,10,4
144,eunos crescent,1.3207219,103.9036666801952,21,13,21,7,19,7,1
145,ubi avenue 1,1.326258,103.8981272,18,15,16,5,18,5,0
146,haig road,1.3097691,103.8976116,36,20,15,16,30,11,0
147,old airport road,1.3078561,103.8861654,30,12,8,7,22,8,1
148,geylang east avenue 1,1.3176326,103.8856256,39,23,28,9,36,13,3
149,sims drive,1.3168076,103.8779846,47,32,23,11,29,16,1
150,pipit road,1.3236366,103.8889641,25,15,26,11,19,5,0
151,geylang east central,1.32027145,103.88738263636108,20,13,21,5,21,6,0
152,eunos road 5,1.318647,103.8965168,68,40,55,4,71,25,2
153,cassia crescent,1.3098466,103.884696,40,19,20,6,29,12,3
154,buangkok crescent,1.3840378,103.8833393,6,4,4,3,3,1,0
155,hougang avenue 3,1.3398661,103.8931676,4,5,7,2,6,2,0
156,hougang avenue 8,1.3694513,103.87989,12,10,11,9,8,2,0
157,hougang avenue 1,1.3556123,103.8900414,32,24,23,5,30,17,1
158,hougang avenue 5,1.3657065,103.897866,2,2,10,10,1,0,0
159,hougang street 61,1.3741656,103.887698,27,17,31,3,19,5,2
160,hougang street 11,1.3520035,103.8796707,29,17,27,1,27,8,1
161,hougang avenue 7,1.3705367,103.9005966,3,5,5,12,2,0,0
162,hougang avenue 4,1.3776291,103.8845127,22,9,28,2,21,10,1
163,commonwealth close,1.3046601,103.7987842,46,20,22,7,28,14,0
164,hougang avenue 2,1.369344,103.880058,12,10,11,9,8,2,0
165,lorong ah soo,1.3520481,103.8845867,4,10,9,8,7,3,0
166,hougang street 92,1.3749933,103.8816732,29,19,37,4,19,8,0
167,hougang street 52,1.3775259,103.8889484,15,10,31,21,15,8,1
168,hougang avenue 10,1.3729285,103.8942011,40,33,74,24,36,19,0
169,hougang street 51,1.3775259,103.8889484,15,10,31,21,15,8,1
170,upper serangoon road,1.3499218,103.8739955,42,24,100,4,41,19,0
171,hougang central,1.3710492,103.89435758379814,28,21,76,18,32,18,0
172,hougang street 91,1.3771311,103.884482,23,9,33,3,20,8,1
173,buangkok link,1.3795782,103.8814051,4,7,13,11,3,0,0
174,hougang street 31,1.3635317,103.8895347,31,23,16,3,40,21,1
177,jurong east street 24,1.3430954,103.7416232,25,15,11,7,16,7,1
178,jurong east street 21,1.3393303,103.7418674,12,11,11,4,9,1,0
179,jurong east avenue 1,1.3450544,103.7324883,18,15,27,6,15,7,0
180,jurong east street 13,1.3353423,103.7387437,41,40,48,8,39,10,2
181,jurong east street 32,1.3480409,103.7325621,36,19,28,4,23,8,1
182,toh guan road,1.3317141,103.7470242,30,22,103,6,34,13,0
183,jurong west street 93,1.340802,103.6927096,9,8,19,6,11,2,1
185,ho ching road,1.3342784,103.7249346,13,7,9,16,15,4,0
186,boon lay drive,1.3428477,103.711129,11,12,16,1,9,2,0
187,tao ching road,1.3327685,103.7249411,9,7,4,17,7,3,0
188,jurong west street 91,1.3420393,103.6871915,7,7,13,11,2,0,0
189,jurong west street 42,1.3525626,103.7180653,26,30,26,14,18,4,0
190,jurong west street 92,1.3397258,103.6904298,5,5,15,6,6,2,1
192,jurong west street 52,1.3472312,103.7178308,23,29,27,15,20,5,0
193,jurong west street 81,1.3444497,103.6941555,20,14,26,3,18,4,2
194,yung sheng road,1.3341299,103.7207053,15,6,8,15,10,4,0
195,jurong west street 25,1.353982,103.7047261,4,8,5,3,4,1,0
196,jurong west street 73,1.3480442,103.6999277,12,10,15,7,8,4,0
197,jurong west street 72,1.3466949,103.6978698,14,9,12,8,12,6,0
198,jurong west avenue 3,1.3531692,103.705033,4,9,6,3,5,1,0
199,jurong west avenue 5,1.3421726,103.6934722,20,14,23,6,20,4,2
200,yung ho road,1.3266282,103.7247867,14,9,6,4,15,4,1
201,jurong west street 74,1.3494248,103.6992496,9,9,11,6,7,3,0
202,jurong west avenue 1,1.3504726,103.7170794,26,30,27,15,20,4,0
203,jurong west street 71,1.3433294,103.6949759,21,14,28,2,18,4,2
204,jurong west street 61,1.3351585,103.6988493,15,11,12,8,5,2,0
205,jurong west street 65,1.3439813,103.703546,7,6,22,4,5,4,0
206,tah ching road,1.3365809,103.7216909,18,7,13,13,21,6,0
207,jurong west central 1,1.3412618,103.7047643,59,24,89,4,62,25,1
208,jurong west street 64,1.3424506,103.7037956,51,21,88,4,53,22,1
209,jurong west street 62,1.3409755,103.7032635,50,24,88,3,53,23,1
210,jurong west street 41,1.3470642,103.7232876,15,13,24,2,17,6,0
211,jurong west street 24,1.3511437,103.7085022,4,4,1,4,4,0,0
212,jalan batu,1.301128,103.8829812,21,14,6,11,25,8,2
213,jalan bahagia,1.3277621,103.8571581,17,14,12,10,16,6,1
214,lorong limau,1.3246835,103.8543359,40,27,34,4,34,14,2
216,kallang bahru,1.315411,103.8645548,18,16,32,3,13,9,0
217,dorset road,1.3148077,103.8521679,17,14,33,3,15,5,1
218,geylang bahru,1.3201475,103.8717615,8,8,14,13,9,4,0
219,bendemeer road,1.3252974,103.8681201,46,24,16,4,24,8,0
220,whampoa drive,1.3226521,103.8547193,28,19,30,3,26,11,1
221,upper boon keng road,1.3137764,103.8709028,13,13,18,6,12,5,1
222,race course road,1.3120873,103.8530984,58,28,68,6,49,14,0
223,owen road,1.3166829,103.8503694,15,14,9,7,14,6,1
224,north bridge road,1.2991136,103.8560806,114,122,127,25,112,36,9
225,towner road,1.3206001,103.8578367,29,18,20,6,27,12,0
226,farrer pk road,1.3128704,103.8519979,32,18,46,5,25,5,0
227,mcnair road,1.3181466,103.857083,15,10,19,2,20,7,2
228,jalan tenteram,1.3280501,103.8583436,11,12,11,8,8,4,1
229,boon keng road,1.3130672,103.8676393,17,18,21,3,10,4,0
230,jalan rajah,1.327694,103.8545846,26,15,17,3,25,8,2
231,marine drive,1.3044561,103.9085707,44,34,56,11,38,14,3
232,marine crescent,1.3049132,103.9119548,29,14,9,5,24,12,1
234,changi village road,1.3874445,103.9872927,28,29,9,0,36,13,2
235,pasir ris street 71,1.3764687,103.9360759,12,8,16,4,7,3,0
236,geylang bahru,1.3201475,103.8717615,9,8,14,13,10,4,0
237,bendemeer road,1.3252974,103.8681201,44,24,16,4,23,10,0
238,whampoa drive,1.3226521,103.8547193,28,20,30,3,27,11,1
239,upper boon keng road,1.3137764,103.8709028,14,16,18,6,13,6,1
240,race course road,1.3120873,103.8530984,57,31,68,6,49,14,0
241,owen road,1.3166829,103.8503694,16,15,9,7,16,6,1
242,north bridge road,1.2991136,103.8560806,114,121,127,25,113,36,9
243,towner road,1.3206001,103.8578367,26,17,20,6,27,12,0
244,farrer pk road,1.3128704,103.8519979,32,26,46,5,24,5,0
245,mcnair road,1.3181466,103.857083,14,8,19,2,20,7,2
246,jalan tenteram,1.3280501,103.8583436,11,12,11,8,12,4,0
247,boon keng road,1.3130672,103.8676393,13,18,21,3,15,6,0
248,jalan rajah,1.327694,103.8545846,23,15,17,3,21,8,1
249,marine drive,1.3044561,103.9085707,44,33,56,11,38,14,3
250,marine crescent,1.3049132,103.9119548,26,13,9,5,25,10,1
252,changi village road,1.3874445,103.9872927,29,29,9,0,37,13,3
253,pasir ris street 71,1.3764687,103.9360759,11,8,16,4,9,2,0
254,pasir ris street 11,1.3651789,103.9623094,15,8,17,10,9,2,0
255,pasir ris drive 3,1.3796545,103.9417422,10,6,12,8,6,1,0
256,pasir ris drive 6,1.3733321,103.956317,20,28,34,3,32,12,2
257,pasir ris street 21,1.3732743,103.9609293,5,10,14,13,10,2,0
258,pasir ris drive 4,1.3732557,103.9608206,5,12,14,13,11,4,0
259,pasir ris street 53,1.3736297,103.9478921,37,15,38,4,27,10,0
260,pasir ris drive 10,1.380112,103.9384943,15,10,18,2,10,3,0
261,pasir ris street 52,1.3746686,103.9459817,23,9,31,7,9,4,0
262,pasir ris street 12,1.3676522,103.9595827,8,20,22,10,14,7,0
263,pasir ris street 51,1.3692524,103.9484506,34,13,38,3,17,7,0
264,pasir ris street 72,1.3805112,103.9362128,9,8,8,9,6,1,0
265,pasir ris drive 1,1.376378,103.9391979,13,11,19,11,8,1,0
266,punggol field,1.3984048,103.9072285,7,9,11,4,4,1,0
267,edgedale plains,1.3943247,103.9103099,10,5,13,17,6,5,1
268,punggol field walk,1.3920159,103.9126644,19,8,12,8,13,5,1
269,edgefield plains,1.3976389,103.9068049,5,7,11,15,2,1,0
270,punggol road,1.4092895,103.9097272,8,8,8,1,6,3,1
271,punggol east,1.3969194,103.9179481,16,11,5,6,17,4,2
272,punggol drive,1.3979973,103.9188085,7,4,5,5,8,2,0
274,stirling road,1.2977071,103.8024639,14,15,15,11,8,2,1
275,mei ling street,1.2940781,103.8039247,17,21,19,11,17,8,1
276,commonwealth crescent,1.3068452,103.80022692062336,22,8,12,2,14,5,0
277,commonwealth drive,1.3000135,103.7973615,35,22,24,9,23,11,0
278,ghim moh road,1.3116025,103.7867533,22,10,14,8,19,9,1
279,dover road,1.3044198,103.7813791,9,8,6,4,5,0,0
282,holland drive,1.3122576,103.7919776,48,30,56,2,38,14,2
283,ghim moh link,1.3084725,103.7866606,51,26,37,7,53,19,2
284,clarence lane,1.2919091,103.8140283,21,13,20,8,12,5,0
285,dover crescent,1.3040731,103.7818274,9,8,6,4,5,1,0
286,sembawang drive,1.4453661,103.8200608,19,16,19,10,18,7,0
287,sembawang close,1.4484087,103.8165876,22,18,24,10,19,6,0
288,montreal drive,1.4507919,103.8253042,7,6,7,13,4,1,0
289,admiralty link,1.4562348,103.8183584,5,9,9,1,7,2,1
290,admiralty drive,1.452055,103.8202935,29,14,33,6,24,10,0
291,sembawang crescent,1.4481451,103.8145197,5,10,9,8,6,2,0
292,canberra road,1.4469884,103.8227278,31,19,23,12,26,13,0
293,fernvale road,1.3948295,103.875783,39,14,23,5,34,15,1
294,compassvale lane,1.3847888,103.8971034,13,16,19,12,6,5,0
295,anchorvale road,1.3969613,103.887776,10,5,5,3,12,2,0
296,rivervale drive,1.3887159,103.9060742,14,5,14,7,10,3,0
297,rivervale crescent,1.3920559,103.9070585,13,8,17,10,9,4,1
298,sengkang east way,1.3884457,103.906085,14,5,14,5,11,3,0
299,rivervale street,1.3887037,103.902154,20,4,23,11,13,4,0
300,rivervale walk,1.3840515,103.9000606,11,12,17,14,11,4,0
301,fernvale lane,1.39002,103.8735941,26,12,25,11,27,11,0
302,anchorvale link,1.3940784,103.890576,15,9,11,12,11,1,1
303,compassvale road,1.3916513,103.897983,37,9,54,11,24,10,2
304,compassvale crescent,1.3953684,103.8992134,6,4,12,8,5,1,0
305,jalan kayu,1.3923332,103.8722069,31,10,23,7,29,12,1
306,compassvale walk,1.3869718,103.8998933,5,5,19,8,7,3,0
307,compassvale drive,1.3866439,103.9004244,5,5,19,9,8,3,0
308,compassvale link,1.3843684,103.8952937,16,16,11,11,6,5,0
309,compassvale bow,1.3826096,103.8915212,21,7,15,5,13,7,0
310,sengkang central,1.3815363,103.8930357,24,12,17,8,11,6,0
311,anchorvale lane,1.3918577,103.8865184,5,12,7,12,7,0,1
312,anchorvale drive,1.390511,103.8895637,13,6,13,14,5,1,1
313,compassvale street,1.39613,103.8945619,21,11,31,6,17,10,1
314,serangoon avenue 4,1.3557437,103.8713719,26,24,32,4,26,12,0
315,lorong lew lian,1.3514564,103.8757119,50,23,94,6,49,21,0
316,serangoon avenue 2,1.3552437,103.8677935,18,16,16,1,11,3,0
317,serangoon north avenue 1,1.369237,103.8736126,19,17,18,3,12,5,0
318,serangoon avenue 1,1.3475649,103.8744403,32,17,94,3,34,15,0
319,serangoon central,1.3535142,103.8716163518423,51,34,94,8,47,21,0
320,serangoon north avenue 4,1.3726139,103.8736497,25,20,21,3,18,6,0
321,tampines street 22,1.3495407,103.9536182,8,19,41,4,12,7,0
322,tampines street 41,1.3582131,103.9463412,18,26,75,4,23,10,2
323,tampines avenue 4,1.3544826,103.9463436,64,45,112,5,76,29,2
324,tampines street 44,1.3609365,103.9542202,12,19,21,9,12,6,1
325,tampines street 81,1.3484091,103.9361069,32,26,28,5,26,15,1
326,tampines street 11,1.3471894,103.9447013,5,12,14,3,9,2,1
327,tampines street 23,1.3537838,103.9550918,10,17,36,4,12,9,0
328,tampines street 91,1.3478628,103.940315,7,12,10,5,10,4,0
329,tampines street 21,1.3552692,103.948199,51,38,82,1,56,21,2
330,tampines street 83,1.3512935,103.9336735,33,21,30,6,25,15,1
331,tampines street 42,1.358605,103.9545739,12,25,24,8,13,7,1
332,tampines street 71,1.3585006,103.9341191,14,8,9,11,5,2,1
333,tampines street 45,1.3624096,103.955691,11,16,19,8,9,4,1
334,tampines street 34,1.3553472,103.9606664,8,8,14,20,7,2,0
335,toa payoh north,1.3416548,103.8464593736629,36,10,22,10,28,13,4
336,tampines street 82,1.3531482,103.9372219,44,18,19,5,29,12,0
337,tampines avenue 9,1.3603978,103.938165,4,5,4,4,6,1,0
338,simei street 1,1.343228,103.9516301,28,27,46,18,27,15,0
339,simei street 5,1.3446617,103.9534754,27,26,45,22,27,15,1
340,tampines street 72,1.3602214,103.9346527,5,6,3,8,4,2,1
341,tampines street 84,1.3528162,103.9322309,22,10,27,5,16,8,1
342,simei street 2,1.344199,103.9554963,18,21,44,20,20,12,0
343,tampines central 7,1.3590165,103.9421926,4,8,11,5,4,3,0
344,tampines street 33,1.3533091,103.9579475,19,12,38,4,17,7,0
345,tampines street 32,1.3537743,103.9577272,20,14,44,4,18,7,0
346,tampines avenue 5,1.3463097,103.9431128,6,11,14,3,10,2,1
347,lorong 5 toa payoh,1.3372441,103.8520887,41,27,36,17,40,21,4
348,lorong 7 toa payoh,1.3375065,103.8535872,49,29,24,17,47,25,3
349,lorong 4 toa payoh,1.3364855,103.8501438,52,36,56,3,55,34,2
350,lorong 1 toa payoh,1.3372437,103.8435121,29,8,15,8,18,11,1
351,toa payoh east,1.3342747,103.8567495,34,27,19,10,28,14,2
352,potong pasir avenue 1,1.3359313,103.864586,8,10,11,4,11,2,3
353,lorong 8 toa payoh,1.3397755,103.857539,41,22,16,6,28,12,3
354,lorong 3 toa payoh,1.338247,103.8472346,38,13,33,14,34,21,2
355,potong pasir avenue 3,1.3358054,103.8649,13,12,11,4,14,4,3
356,joo seng road,1.3373789,103.8822618,17,11,19,9,11,3,2
357,lorong 2 toa payoh,1.3344892,103.8469774,61,38,69,3,69,41,2
358,toa payoh central,1.3326741,103.85052221136596,42,30,73,4,36,18,1
359,marsiling drive,1.4437577,103.7731784,17,8,11,14,6,2,1
360,woodlands street 13,1.4355016,103.7789313,7,9,17,10,8,2,0
361,woodlands drive 52,1.4332069,103.7992763,4,7,5,8,5,1,0
362,woodlands street 41,1.42752,103.7735293,20,9,10,4,15,4,0
363,marsiling crescent,1.4488393,103.7754988,5,4,20,3,7,1,1
364,woodlands street 83,1.4390696,103.7920967,9,13,21,9,9,4,0
365,woodlands circle,1.4422997,103.7988617,20,8,23,10,10,5,0
366,woodlands drive 40,1.4417077,103.7953695,10,7,14,11,6,4,0
367,woodlands street 31,1.4302688,103.7754506,30,18,19,12,21,5,1
368,woodlands drive 16,1.430358,103.7992814,4,5,2,6,4,0,0
369,woodlands street 81,1.4425691,103.7888622,19,15,15,5,8,2,0
370,woodlands ring road,1.436993,103.7975138,16,9,16,14,12,4,0
371,woodlands drive 53,1.4330392,103.7972655,10,10,16,8,5,1,0
372,woodlands drive 62,1.4392459,103.805544,12,9,18,14,5,2,1
373,woodlands drive 70,1.4401658,103.7985222,24,10,28,15,13,5,0
374,woodlands drive 42,1.4369878,103.79746,16,9,16,14,12,4,0
375,woodlands drive 50,1.4354097,103.7909752,8,15,16,5,11,4,1
376,woodlands avenue 6,1.4294584,103.7979671,8,8,8,5,5,0,0
377,woodlands drive 14,1.433499,103.7898867,19,20,49,3,24,7,3
378,woodlands avenue 1,1.4280562,103.7923223,12,8,18,7,9,1,0
379,woodlands avenue 5,1.4342973,103.7856538,45,27,84,5,53,20,3
380,marsiling rise,1.4381712,103.7822464,19,9,48,1,19,5,0
381,woodlands crescent,1.4466671,103.8019736,4,4,12,4,4,1,0
382,woodlands drive 73,1.442578,103.8048185,4,9,14,11,6,2,0
383,woodlands drive 44,1.4317591,103.7938399,9,9,19,7,5,1,0
384,yishun ring road,1.4243404,103.8450699,23,12,13,4,19,5,1
385,yishun avenue 3,1.4231327,103.8308992,4,15,4,151,3,0,0
386,yishun street 11,1.4304225,103.8334205,44,37,67,4,40,12,1
387,yishun avenue 4,1.4160578,103.8397203,5,6,12,14,3,2,0
388,yishun street 22,1.4365851,103.8394404,14,22,28,9,19,13,0
389,yishun street 71,1.4263794,103.8279984,25,16,10,5,22,8,1
390,yishun avenue 5,1.4304131,103.8297751,33,28,33,17,29,10,1
391,yishun street 21,1.4352144,103.8362337,11,17,26,8,14,9,0
392,yishun street 41,1.4193466,103.8456525,4,5,0,1,7,3,0
393,yishun street 61,1.4180955,103.8386676,10,14,23,41,11,6,0
394,yishun avenue 6,1.4261421,103.8496526,5,9,12,2,4,2,0
395,yishun avenue 11,1.425057,103.8442624,25,14,13,4,21,6,1
396,yishun central,1.42645065,103.83720383435042,39,21,39,6,46,14,2
397,yishun street 81,1.4152526,103.8370213,12,12,23,8,12,4,0
398,yishun street 81,1.4152526,103.8370213,12,12,23,8,12,4,0
399,yishun street 72,1.4287667,103.8326043,48,43,35,3,43,14,1
400,yishun avenue 2,1.4248635,103.8352035,22,22,22,148,22,11,0
401,ang mo kio street 32,1.3635834,103.8490867,29,24,16,3,28,9,1
402,ang mo kio street 31,1.3659744,103.8499658,36,26,73,14,39,14,1
403,bedok north street 2,1.3300119,103.9346388,26,16,26,15,31,20,0
404,bedok north street 1,1.3270503,103.9304529,78,43,68,4,80,39,1
405,jalan tenaga,1.3314793,103.9070574,6,14,20,7,5,2,0
406,bedok north street 4,1.3325714,103.9397077,14,15,23,1,19,13,1
407,bukit batok west avenue 4,1.3650447,103.7470719,13,15,7,13,10,3,0
408,cantonment close,1.2750036,103.8402184,37,41,52,12,45,9,5
409,boon tiong road,1.2864646,103.8320221,83,50,36,2,95,42,6
410,spottiswoode pk road,1.2734521,103.8394071,7,15,37,8,9,4,1
411,redhill close,1.2851465,103.8174162,30,18,29,6,30,17,0
413,cashew road,1.3696059,103.7646971,5,7,5,6,5,1,1
414,queen's road,1.3183905,103.8073624,13,8,6,6,16,6,0
415,chander road,1.30917,103.8530903,100,35,58,11,85,24,0
416,kelantan road,1.3057284,103.8563681,90,50,44,9,84,33,4
417,sago lane,1.2811686,103.8444047,179,177,72,28,190,59,23
418,upper cross street,1.2878588,103.8417074,76,77,64,9,69,16,11
419,chin swee road,1.2879366,103.8410855,60,65,57,6,69,13,11
420,smith street,37.706114,-97.401073,0,0,0,0,2,0,0
422,choa chu kang street 51,1.3918953,103.7424097,5,10,10,7,5,1,0
423,choa chu kang avenue 5,1.3752682,103.7401485,13,8,14,7,10,4,0
424,choa chu kang avenue 1,1.3767337,103.7407287,25,13,18,12,15,5,0
425,west coast drive,1.3169975,103.7565925,5,11,4,2,8,3,1
426,paya lebar way,1.3239298,103.8850491,24,9,13,8,25,6,0
427,aljunied crescent,1.3193329,103.8857789,26,11,20,5,24,7,1
428,joo chiat road,1.3041225,103.9063775,66,43,71,11,58,21,4
429,pine close,1.3088432,103.8825838,40,12,18,2,35,14,3
430,hougang street 22,1.3556681,103.8910059,22,19,18,5,22,14,0
431,hougang avenue 9,1.3749681,103.8801684,22,14,28,12,22,8,0
432,hougang avenue 6,1.3733707,103.892823,37,33,77,25,36,20,1
433,hougang street 21,1.3594517,103.8888817,44,24,43,3,41,23,0
434,jurong west street 75,1.3463675,103.7020115,9,10,12,4,4,1,0
435,kang ching road,1.3390269,103.721943,16,7,11,12,12,2,0
436,kampong kayu road,1.3032065,103.8831258,21,13,7,11,26,8,2
437,crawford lane,1.3048464,103.8625836,44,36,45,10,47,11,3
438,whampoa west,1.3200862,103.8647036,26,18,27,9,27,16,1
439,beach road,1.3030517,103.8622669,42,58,60,13,49,11,4
440,cambridge road,37.592326,-97.526124,0,0,1,0,1,0,0
442,jellicoe road,1.3085687,103.8629567,28,32,43,6,31,11,4
443,elias road,1.3732198,103.9402901,4,11,7,6,10,3,0
444,holland close,1.3073048,103.7960335,68,38,60,4,54,25,1
445,tanglin halt road,1.3005279,103.7983595,35,24,26,9,23,11,0
447,wellington circle,1.452079,103.8203539,29,14,33,6,24,10,0
448,canberra link,1.4446381,103.8291537,4,4,4,1,4,3,0
